4
9
10
11
12
16
17
19
20
25
26
27
29
30
31
33
37
39
40
42
49
50
51
59
60
67
69
74
75
76
81
82
91
100
110
112
127
137
139
142
150
155
156
157
173
183
189
190
193
194
200
201
206
214
219
227
228
242
243
246
262
263
264
265
269
271
280
284
290
292
297
302
309
310
317
320
321
324
335
336
344
348
349
350
352
353
356
359
360
364
373
375
380
381
386
394
400
406
408
409
412
414
417
430
439
440
448
449
450
455
456
462
463
465
483
499
500
511
521
524
526
527
528
537
538
541
544
547
552
553
559
567
568
569
571
574
576
578
579
582
583
584
585
586
587
588
589
590
591
592
593
594
595
596
597
598
599
600
601
602
603
604
605
606
607
608
609
610
611
612
613
616
617
618
619
620
621
622
623
624
625
626
627
628
629
630
631
632
633
634
635
636
637
638
639
640
641
642
643
644
645
646
647
648
649
650
651
652
653
654
655
656
657
658
659
660
661
662
663
664
665
666
667
668
669
670
671
672
673
674
675
676
677
678
679
680
681
682
683
684
685
686
687
688
689
690
691
692
693
694
695
696
697
698
699
700
701
702
703
704
705
706
707
708
709
710
711
712
713
714
715
716
717
718
719
720
721
722
723
724
725
726
727
728
729
730
731
732
733
734
735
736
737
738
739
740
741
742
743
744
745
746
747
748
749
750
751
752
753
754
755
756
757
758
759
760
761
762
763
764
765
766
767
768
769
770
771
772
773
774
775
776
777
778
779
780
781
782
783
784
785
786
787
788
789
790
791
792
793
794
795
796
797
798
799
800
801
802
803
804
805
806
807
808
809
810
811
812
813
814
815
816
817
818
819
820
821
822
823
824
825
826
827
828
829
830
831
832
833
834
835
836
837
838
839
840
841
842
843
844
845
846
847
848
849
850
851
852
853
854
855
856
857
858
859
860
861
862
863
864
865
866
867
868
869
870
871
872
873
